em: 0.058823529411764705
f1: 0.2322021116138763
acc: 0.17647058823529413
