em: 0.11764705882352941
f1: 0.2382352941176471
acc: 0.17647058823529413
