em: 0.0
f1: 0.07798894788234365
acc: 0.23529411764705882
