em: 0.058823529411764705
f1: 0.06823529411764706
acc: 0.11764705882352941
